012000171970
012000171970
012000171970
024100789146
024100789146
024100789146
024100940271
024100940271
024100940271
024100940592
024100940592
024100940592
044000028541
044000028541
044000028541
044000042035
044000042035
044000042035
044000061074
044000061074
044000061074
049000028904
049000028904
049000028904
049000028928
049000028928
049000028928
049000061055
049000061055
049000061055
44000032210
44000032210
44000032210
44000041038
44000041038
44000041038
44000063931
44000063931
44000063931
78000083460
78000083460
78000083460
SKU98713
SKU98713
SKU98713
SKU98714
SKU98714
SKU98714
SKU98718
SKU98718
SKU98718
SKU98719
SKU98719
SKU98719
SKU98735
SKU98735
SKU98735
SKU98759
SKU98759
SKU98759
